1024
1337
1620
1191
556
523
410
272
863
2000
369
1323
1791
1310
1010
714
531
212
1099
560
1047
1841
276
1914
838
984
1414
1347
1402
443
1200
1688
1337
819
878
1894
899
845
165
1762
844
91
641
191
958
1652
905
1046
1864
1561
1606
467
1401
1439
381
238
1980
1352
1143
1381
1352
342
1068
246
1161
1503
139
1617
347
1862
1379
749
1510
19
940
467
1228
1403
1513
649
520
675
1116
1922
1672
1054
1717
1651
1963
859
589
1315
758
1214
1561
1919
717
1257
1536
621
1118
471
1370
184
490
1868
651
1276
1270
1721
1925
1347
1953
1040
1268
1181
1652
542
389
1614
958
978
928
1717
1749
45
1192
22
1302
284
644
1977
755
13
160
803
1881
368
78
707
88
2
54
1599
599
879
779
1808
978
1168
1422
1937
1703
1907
1210
1452
1953
401
1474
811
686
1675
788
1441
1689
948
1801
1126
1317
1879
1834
962
1438
1445
560
37
1881
897
1845
859
64
823
795
1768
287
4
776
239
1963
1807
607
648
1482
1395
1647
1170
343
1447
1853
1217
1326
1243
178
320
687
296
357
568
1193
1760
984
1257
139
1336
581
426
897
914
222
859
721
830
1508
202
224
711
929
124
157
338
1341
1040
1582
1077
1361
1826
1373
1275
393
565
1034
934
1379
731
269
1518
714
1166
431
937
1583
709
1324
1090
911
1105
1358
1397
787
1515
1736
1685
555
1317
761
1473
699
133
747
1093
255
1339
1584
1192
69
1854
709
783
576
697
1277
158
1407
157
805
1875
820
162
829
1607
1235
564
1291
1790
1438
52
819
136
1743
1566
786
1556
904
1928
747
973
1781
1013
1314
1914
1710
147
72
673
305
877
548
1125
597
1377
731
1832
1498
1579
1178
492
1188
1997
185
931
1562
529
43
466
456
790
996
1794
1803
309
1707
1069
14
1779
1743
319
213
1848
1444
810
1224
1732
641
278
1310
1819
327
498
1815
512
986
933
598
1029
956
1054
1376
1953
847
1178
1819
554
1804
1833
1890
1546
1709
102
1393
709
912
173
440
1553
8
1308
928
335
1363
299
405
1906
790
1003
491
1746
57
1867
1255
461
601
1074
1015
404
463
905
1508
1730
564
900
438
1477
631
879
586
639
1744
1072
975
663
1371
1380
568
160
382
1059
1464
1997
925
718
458
1083
1349
1030
1487
1370
1492
994
1099
56
1452
1537
1090
82
1973
1676
721
1716
304
1696
1936
1676
632
503
1393
572
1119
856
568
1601
1132
583
683
480
1614
1728
1850
1105
721
505
718
1730
42
1808
1812
14
1041
533
1288
1345
1786
780
577
1976
1284
1971
547
1960
383
672
1561
1515
1256
243
1553
869
1971
959
1531
249
1465
249
1979
1507
1614
1348
1078
654
1881
1923
1557
1223
703
133
755
1544
1661
1302
1503
44
1975
620
1116
787
864
225
1656
391
1185
743
197
649
992
1734
1713
163
1081
347
374
518
1828
1931
1741
87
64
496
1631
1725
1355
690
1326
886
1311
442
1673
1732
224
885
1680
1409
1629
1878
1615
177
1168
884
340
248
789
715
766
616
645
63
703
266
116
1891
1992
1472
137
1317
357
1448
1316
1588
736
1098
472
416
506
100
1851
1679
278
1018
562
175
1266
1351
447
1589
1524
1093
1652
1784
916
1769
1674
907
1240
1812
1782
1154
816
654
741
1553
1752
771
1526
1816
871
1376
1494
706
393
1613
882
1216
521
886
804
44
1979
12
1829
895
1781
1059
1359
577
870
697
1289
1244
1352
29
796
660
800
321
475
1229
1697
1526
1935
1647
1139
373
419
1660
1260
780
1261
795
792
1089
1247
573
1706
163
707
575
860
1996
1819
1769
1583
171
429
382
492
904
1168
1746
1988
660
949
1126
590
925
342
1407
1705
1603
1760
497
249
1006
627
1955
726
1334
86
1144
1330
1463
912
469
1634
1341
408
1684
1803
1577
986
1790
236
1493
472
826
417
814
1791
1680
1974
1550
176
222
555
360
1734
839
1694
1821
1983
580
1283
894
1049
473
1793
1458
1714
1152
591
257
498
384
1750
527
767
1724
1341
557
1403
871
106
1579
1094
219
1496
827
1058
1190
204
597
1327
1487
1048
1934
1518
397
948
788
1549
1096
1045
1604
1480
794
130
246
75
1028
361
1478
1900
467
614
550
686
109
1377
1301
856
1139
1898
183
182
503
1674
1700
900
178
488
6
1274
1090
1610
753
1885
1298
556
1960
1883
917
994
1782
1385
1608
331
1628
1718
1266
929
130
404
383
1871
586
443
1544
1844
1344
1722
1889
907
995
978
516
1748
419
1371
1862
1936
1254
778
930
592
162
537
924
1348
1812
1747
1834
1943
1708
1774
1813
1851
217
914
1694
1118
635
1139
24
1188
117
540
492
536
1469
353
29
722
1132
959
1314
851
1053
1795
198
422
1098
31
1922
362
1806
1291
213
22
204
1464
1140
397
603
1164
1585
277
1261
1634
370
286
1988
399
565
676
1358
1437
1527
1969
1231
1283
390
1887
1314
311
248
676
1602
461
255
1364
1483
1395
1761
85
115
902
1920
934
535
289
1220
522
689
1786
755
1604
1222
1840
1572
9
1122
1519
1453
435
1830
1259
669
989
1720
924
352
759
1877
112
401
1992
1014
320
482
1549
610
1703
1629
856
1045
1941
16
1824
1780
1589
1390
901
664
843
894
51
101
1563
1040
1378
486
1392
1695
362
1061
95
1912
1632
416
393
737
583
1653
1923
1439
254
1864
1455
77
1643
600
1025
544
822
1425
1438
873
1083
557
1913
460
600
861
154
963
1922
1808
431
