256
732
1442
1012
367
552
148
747
261
388
343
1001
253
1010
1090
285
1547
1795
1369
1852
35
417
339
841
169
971
1644
1610
1037
1885
265
208
616
1265
777
983
1374
483
1287
1635
871
1630
636
681
197
1726
966
1301
1077
1893
709
1113
309
1048
1954
478
18
1154
1645
613
1038
1468
821
1654
732
1155
636
105
1638
1481
1741
65
667
1934
747
421
1659
1270
1723
292
1162
1989
1405
1471
594
916
1507
612
69
1151
1225
1108
618
1603
761
907
315
955
1013
1953
1993
310
1576
659
243
1880
1081
1459
1149
360
1308
311
348
713
1339
499
1186
845
1112
1255
1997
1894
1920
171
1054
238
1079
926
750
1649
435
742
1516
10
1401
1316
1890
38
331
596
1956
1639
907
304
351
245
360
1094
648
1472
1907
644
923
1826
372
1534
1621
1008
16
370
213
451
669
1729
19
1628
1044
1909
1666
932
61
1622
571
968
1483
479
771
1843
1574
1419
872
1480
1620
1352
862
1549
442
483
557
458
410
770
909
1080
56
928
707
657
394
372
1590
455
1551
160
981
590
196
1309
433
1770
284
862
806
1904
213
1669
1009
212
1709
1566
670
118
1894
1136
755
1507
1622
1462
163
15
1392
1310
27
942
1470
565
1090
1667
1874
1523
993
157
384
1800
1618
154
1025
627
366
290
1750
593
1966
1200
1729
721
263
