128
978
679
45
1915
628
236
1076
858
1017
1428
1544
736
321
746
367
1595
510
415
338
847
1488
1222
1630
1809
1512
80
1984
124
1333
871
824
310
1107
426
1782
1735
663
414
149
1680
1842
1694
1973
1720
1997
340
1314
63
312
1652
910
1357
430
97
722
1499
1735
706
1180
1067
1134
1562
934
240
1988
272
1532
650
686
1682
1887
528
932
1417
247
928
1314
1119
991
1626
327
1458
539
315
1555
1261
1371
1289
1524
108
1913
657
1670
403
454
1214
675
1544
1422
1362
1225
1308
1447
156
281
1251
641
1595
369
1632
777
254
1089
1316
126
644
577
1497
1490
1658
1162
1403
1873
388
1806
326
1603
38
