512
1795
1250
1737
1693
790
1327
1404
1819
1564
1341
272
1401
1812
1172
1307
625
1322
616
601
975
1969
33
1190
72
884
1618
577
1595
888
1163
1955
682
412
1248
1932
760
574
1335
135
137
232
1965
1096
43
1137
1960
225
458
576
826
990
101
417
1738
1731
1301
912
307
895
1800
1471
849
38
1440
97
1970
199
228
862
1892
1924
651
1857
1019
252
550
535
477
1008
1111
1304
1555
769
1721
849
499
1021
1762
807
1473
1118
1835
1880
714
1274
1534
240
1031
1762
659
479
1685
1311
335
260
1563
885
796
39
1450
1464
900
562
233
177
1411
732
755
729
1096
228
1405
930
107
1676
1762
1641
1916
349
959
575
828
644
1443
721
461
562
1606
1257
158
613
721
1059
732
954
1236
142
1243
1992
429
339
1777
1834
826
1884
1509
587
1081
981
493
39
1113
1322
240
112
1600
702
674
762
1516
833
1375
236
1449
106
747
241
1807
1991
1790
235
1887
1566
1626
712
1006
691
857
86
1229
1350
1684
342
228
1924
454
1828
182
686
590
1699
1519
1522
1935
524
1186
239
765
992
229
555
784
115
120
1967
384
1127
214
1241
770
1000
148
453
899
376
377
1354
1762
116
1597
1909
1815
1115
987
1750
1639
172
1989
1961
1164
1775
515
1505
1447
636
1028
1831
1320
799
1072
89
1800
777
543
698
710
477
1609
471
593
1205
1937
1966
1877
924
1715
1515
1096
1260
1476
1818
591
1548
879
37
183
1908
1868
1060
706
496
1150
505
1273
1250
1204
1541
1284
812
11
1434
1575
1506
1399
1451
429
670
523
1525
1487
1556
899
77
1103
1779
1672
844
1243
1540
1904
1949
1593
610
11
423
1860
772
1964
700
1584
1532
134
715
1037
1090
166
1023
1318
689
105
804
244
1004
439
1347
339
110
190
1582
1207
1652
1531
800
261
1542
780
1679
313
300
378
1454
1832
69
169
426
717
1893
1449
34
581
1554
395
825
558
834
1729
454
502
1477
36
1709
1128
1567
65
1389
665
845
624
535
702
560
1546
534
186
1272
517
903
1164
1966
494
1745
1520
890
126
1635
1281
1856
88
1783
1332
1682
1492
16
805
1114
962
1027
1517
1587
1562
218
146
665
309
1890
1494
826
793
658
792
844
1960
1869
1291
86
1060
129
1499
705
1912
387
387
960
403
1192
74
1365
219
1148
951
1338
1366
654
1560
1676
544
1054
501
894
1269
850
1295
1228
718
586
871
1335
715
1927
40
183
313
427
701
273
1176
332
1639
952
1480
146
290
845
801
1407
77
902
460
136
1353
1729
986
647
514
1262
790
942
596
1062
869
636
803
739
620
1504
1013
1797
1836
208
748
872
354
595
1274
712
2
1352
1171
462
1488
523
1749
