2048
983
1974
741
1020
432
104
1761
1984
800
554
1730
411
1683
1025
501
240
378
584
1719
666
1781
488
333
1220
61
1391
637
1847
428
1296
288
968
826
1029
1545
816
691
1305
799
1491
1416
528
1459
1098
1110
1960
1338
1488
101
1056
153
1882
1101
43
658
719
992
853
566
977
1706
854
1945
531
1441
1489
1347
131
350
1703
1179
1766
231
637
863
1341
153
1758
386
254
371
96
1693
1472
140
351
1749
689
1204
314
1666
909
725
1610
997
165
655
1902
1854
562
1604
1032
327
1392
1226
747
733
937
504
676
1191
875
772
884
1905
469
792
1653
1158
1553
1524
823
18
248
1990
572
1972
644
473
1382
1206
1635
1972
1090
1026
1197
1837
1316
133
341
1992
882
773
321
1323
677
790
1672
1887
1949
1224
1410
771
799
1216
318
928
1187
519
959
568
1283
593
96
372
1176
1294
1767
49
984
1665
1598
1423
437
1919
745
1115
709
416
1001
214
1197
1969
542
1553
1184
860
481
370
1380
1440
495
219
1590
592
591
322
1443
1915
1929
1984
1579
1527
1407
16
1002
151
688
1268
125
1689
1482
879
1214
24
432
397
441
470
324
1378
1467
820
1597
613
969
1746
935
1969
1660
421
1952
1239
1948
1358
1255
506
1067
1943
1775
749
1188
813
1628
1960
394
1617
356
836
1644
681
1771
667
1058
925
1280
26
670
1773
1995
1887
193
1503
1125
1698
418
1937
203
1485
1436
1535
1791
181
348
975
140
742
149
496
1135
1793
1177
463
460
234
1388
1740
1818
57
1069
1369
1944
1262
872
626
959
847
562
720
1889
1999
254
1679
1737
159
653
1877
459
802
372
1594
152
1107
1614
612
898
1001
1909
716
615
978
1642
559
1797
70
742
756
917
1304
1033
805
859
1287
40
595
1447
694
471
1906
1053
401
1056
1205
1508
670
1374
405
1228
840
678
1844
1375
320
1960
1171
1948
701
1484
865
1562
516
1227
1979
1361
1268
573
807
1519
602
269
571
560
882
1334
1625
1109
264
1587
337
661
265
180
35
142
1697
764
89
397
247
511
1516
321
1739
1494
1682
563
67
45
81
226
1872
209
343
753
1100
1968
1420
1365
1554
1757
25
1819
1494
1619
1518
1190
1940
1165
1144
1744
1233
659
64
528
153
1303
1091
1778
905
729
1561
776
939
1904
1087
38
1871
506
960
1424
262
543
800
1313
1719
1875
59
1658
1039
1203
1401
1830
1419
1466
357
1572
325
1006
906
1231
1735
466
6
230
369
1093
269
1797
1156
786
1221
975
1329
1578
287
604
1452
346
261
48
1106
1663
1878
525
685
1792
96
1010
797
1003
240
89
1026
1805
319
1396
454
145
1192
1611
932
1970
585
1818
1104
430
422
556
333
683
161
1440
1903
1596
1965
587
1387
1618
1155
1742
177
952
1831
1204
313
149
156
768
1853
905
1936
784
875
77
601
1979
507
580
91
398
821
252
1838
723
1405
1802
868
792
1419
22
90
1597
531
1478
357
845
1627
513
1170
1036
1418
1105
1820
1850
739
1979
1829
804
115
1477
1202
936
1287
1039
1217
691
397
84
1040
1373
1664
687
526
1752
164
883
596
1349
1396
1766
384
814
427
204
663
1167
1740
48
1528
1855
1083
729
791
369
1325
1565
617
1722
1649
1215
1094
869
1902
1621
620
66
503
774
972
1457
96
1356
270
524
1117
490
1248
856
96
775
268
1179
1061
1059
1548
385
180
1722
106
1829
936
757
254
395
1935
431
18
1996
762
990
1452
859
345
1279
940
1020
1326
1745
1876
1422
519
143
600
1137
759
1705
1522
939
1427
1185
324
1920
1942
135
314
1434
124
332
1429
886
879
880
1302
782
1716
241
1802
1041
1986
1234
20
61
935
620
1198
1251
325
719
1748
1309
1904
1629
785
1403
1765
657
836
1446
546
264
331
1426
701
1634
207
1974
1432
8
571
1418
799
591
1479
1734
1212
234
985
1094
953
732
1960
414
360
744
1374
1682
1401
1767
1127
1948
30
1459
930
288
649
1137
1819
80
702
389
1055
1501
981
91
1235
1750
325
219
400
835
508
359
806
868
660
179
550
1619
1946
1677
1566
1533
692
495
1378
898
1189
1196
979
1448
1143
33
948
1681
1682
1740
987
6
1516
1387
842
23
1303
1205
449
1963
1385
999
1581
887
232
703
420
482
755
1355
1380
1501
108
1916
948
1251
1950
1897
488
1188
1193
1475
1195
709
418
1594
289
1721
798
738
1240
1740
1294
378
184
1527
638
604
1566
1394
1516
945
451
1624
861
1400
431
367
853
919
1555
45
1951
306
754
368
1457
1044
1646
1813
1782
443
1552
633
378
1736
159
1016
1897
1282
1967
970
226
418
593
644
1818
582
1011
670
1501
123
715
1009
1987
1027
1377
1444
1628
580
1256
1409
1023
364
41
1401
1658
1758
416
1111
596
1941
80
823
358
674
1024
1733
1256
1593
402
313
1716
674
1322
1702
1258
256
702
885
836
1958
1852
1416
1880
1450
816
1537
765
789
647
1361
729
728
183
644
959
1208
376
1772
357
335
84
72
567
964
1331
1825
1220
33
267
1613
1548
118
1028
984
1568
1401
520
332
189
725
1694
476
1453
1434
1120
1969
198
1054
1740
555
946
1381
184
1513
344
1516
895
1121
1106
1162
290
210
837
1318
1195
404
718
1272
294
465
1997
1545
941
1449
978
1618
1417
734
671
713
1289
1175
94
1031
244
1996
103
1139
674
1209
1858
964
976
694
1840
1728
656
114
1000
507
579
996
51
1077
2
586
695
976
877
923
1690
1724
97
1341
754
342
1336
857
1038
1567
1623
896
88
155
1147
1928
1884
1360
1599
883
1424
178
1879
1032
812
1881
1619
1507
414
495
430
103
1776
84
1444
529
426
336
943
1465
1904
565
1918
1549
721
621
1033
604
1539
631
1044
962
366
479
1995
1179
1918
1170
685
331
1222
672
434
998
757
1435
1527
740
1328
470
1762
788
592
1236
336
870
1858
1369
1031
953
0
74
1915
1924
554
1466
1102
471
635
1345
802
1858
1574
793
412
330
227
1939
628
1555
1966
389
343
115
1626
679
985
1040
1606
16
1993
1163
1648
1464
1086
201
930
1746
672
1122
1090
1031
979
663
1824
948
551
1608
887
1179
1163
409
1125
1063
81
307
1299
624
1347
904
640
896
1624
287
1918
710
46
404
455
275
1526
1102
1307
62
1322
1130
1010
1873
295
1454
608
1458
1421
1734
77
1502
40
1376
125
945
1838
322
1398
1461
167
1315
170
213
1719
182
45
802
841
1352
864
163
39
1431
35
334
885
201
1349
305
1935
1426
1364
1532
358
1490
33
195
1369
1432
1214
1536
303
1384
1306
1580
1124
1352
381
1965
260
802
1685
1857
232
1721
190
1117
1922
1096
979
1413
521
343
501
437
1833
535
632
758
1967
1846
1852
1827
787
1157
1406
1468
65
1344
989
1884
145
674
1740
378
1952
1488
1052
1430
583
31
399
1105
374
900
1099
1764
1435
1731
78
958
1134
1930
785
1478
644
1748
502
266
1092
1491
149
794
164
1447
729
1673
934
1782
1102
1517
1370
1501
178
1301
1959
1277
1064
1393
565
699
351
1256
629
693
733
1273
1998
1235
1539
1089
282
1246
1441
4
692
169
1677
1626
1508
336
1142
877
1394
878
177
1352
154
798
745
719
1498
653
1975
1684
903
264
513
900
1056
51
1547
1339
854
987
1343
1546
713
576
728
221
912
1428
655
306
305
390
1658
459
1188
1960
736
242
169
267
1483
1072
89
1996
1973
1145
1605
1076
40
458
1620
1383
1562
332
1960
1847
110
428
1274
766
734
1579
1156
1950
1596
1901
1466
1889
1701
1636
1713
1183
707
1802
1179
236
504
783
869
544
798
488
1928
1917
821
1444
1764
931
1872
1037
1254
163
173
409
1670
1326
1868
1135
771
1568
770
483
750
1035
1843
1486
828
346
1826
1698
890
624
1743
374
540
120
1818
303
609
1247
898
1863
967
628
1830
636
1511
1697
1328
281
821
1656
764
1571
690
606
614
1075
952
439
329
1400
620
1630
1774
718
1750
1149
578
358
1953
1476
1779
919
1661
1608
1112
1171
861
439
1452
1682
1652
1774
809
341
1937
1423
974
889
1420
860
1846
39
489
1619
757
239
767
893
154
276
1926
1933
1195
1587
1097
1864
757
1515
1861
1767
1196
1512
1540
1563
1411
1476
985
384
1922
1962
1244
1767
1
1291
943
315
1530
1267
1208
1241
1544
691
731
738
277
1828
159
591
900
19
357
95
1531
1454
1658
941
930
200
882
408
161
1684
1733
1720
974
675
1593
60
1942
357
1301
1485
1048
31
1781
882
1417
1940
1474
316
1516
1831
1969
1046
842
1184
1988
1329
941
869
1737
659
552
1469
1937
1083
1701
1529
1143
1200
1443
444
241
491
32
21
930
1006
1518
403
879
1033
1792
405
1637
633
1146
1624
1962
86
49
1255
302
159
281
238
1242
1982
1324
385
1181
767
386
1423
815
1976
1001
1745
982
76
148
1418
666
1940
1823
302
129
968
1483
90
611
1533
902
914
1692
1183
1152
490
722
476
875
1460
800
818
882
1615
794
1441
1359
1333
1074
1064
750
1740
560
130
42
689
655
1525
336
1267
614
1239
1738
1863
421
446
353
700
479
1228
160
1279
46
599
893
397
39
1810
1730
1113
873
36
410
1434
166
452
122
822
1534
16
1646
148
1255
1383
10
1233
1829
1921
1934
308
1149
93
1144
752
692
37
1149
289
1847
435
959
276
471
1369
1710
638
1378
1390
1017
469
1406
662
174
217
1602
1742
1450
987
1663
940
852
811
590
1997
1120
840
1591
1826
686
1437
260
1645
1713
731
571
980
926
1506
369
1500
1975
1332
1719
1706
1549
1320
1448
998
1865
1110
1496
716
1478
85
269
597
482
1860
1980
1168
853
239
813
123
527
941
1103
1011
446
1029
510
1979
360
229
1684
1909
1106
1131
463
527
1798
1959
801
1275
1602
1070
1429
83
487
1408
1252
1340
1204
1622
1020
1289
119
1680
1857
122
708
366
100
625
152
1342
90
816
29
111
1343
1828
1627
1701
659
1228
771
88
869
1258
1053
1678
154
1815
856
732
660
975
411
516
1097
677
439
1198
859
592
96
950
965
125
1061
1865
1953
687
1566
612
1473
1894
257
341
708
867
1576
419
681
431
1151
1341
1406
1563
1414
502
1797
1854
1257
655
2
910
1605
967
1036
222
388
545
467
1511
714
1940
1404
971
1838
111
1396
1413
531
1634
1844
1239
532
1249
801
1946
1308
597
1799
122
810
1801
1032
1972
324
67
194
713
170
661
223
884
157
1185
1413
1995
853
808
1407
1384
441
1250
623
973
55
981
476
920
1136
274
599
1946
1633
1632
1474
1957
1256
1668
226
1426
1886
7
1868
42
1192
1280
36
44
1645
1000
986
1643
1807
1166
616
1862
1704
1092
339
396
923
938
1899
555
126
1373
69
940
1040
295
1923
483
1860
1790
525
608
626
119
210
270
1119
1196
1471
926
1919
1644
344
1622
292
683
18
1215
1179
1917
1328
862
846
1397
1802
1887
